[array([0.421062, 0.463562]), array([0.753982, 0.525267]), array([0.507299, 0.624851, 0.228441]), array([0.384555, 0.428956, 0.409751, 0.392875]), array([0.209005, 0.838745, 0.859155, 0.882438]), array([0.516   , 0.351285, 0.511928, 0.691626, 0.15964 ]), array([0.1291, 0.4626, 0.267 , 0.237 , 0.403 , 0.9   ]), array([0.142, 0.231, 0.11 , 0.208, 0.507, 0.725, 0.408, 0.71 ])]
[array([0.78, 0.78]), array([0.75, 0.92]), array([0.4811, 0.5326, 0.0518]), array([0.4542, 0.4743, 0.4113, 0.397 ]), array([0.2394, 0.8542, 0.8998, 0.8746]), array([0.2838, 0.2587, 0.5077, 0.9687, 0.0439]), array([0.064, 0.482, 0.281, 0.123, 0.488, 0.676]), array([0.190945, 0.227663, 0.07809 , 0.187898, 0.510101, 0.741447,
       0.223805, 0.717488])]
[array([0.700201, 0.695377]), array([0.701898, 0.953338]), array([0.518808, 0.622752, 0.177963]), array([0.404794, 0.431684, 0.402527, 0.451256]), array([0.270475, 0.875752, 0.915748, 0.875603]), array([0.387036, 0.373428, 0.513896, 0.853071, 0.046985]), array([0.035368, 0.480332, 0.260021, 0.206835, 0.37316 , 0.775247]), array([0.154668, 0.195916, 0.085056, 0.24703 , 0.487307, 0.747539,
       0.346852, 0.750537])]
[array([0.665351, 0.437391]), array([0.8958  , 0.123969]), array([0.367928, 0.45652 , 0.337477]), array([0.369558, 0.403873, 0.410522, 0.431202]), array([0.311287, 0.908307, 0.947911, 0.898294]), array([0.423671, 0.437044, 0.501334, 0.80586 , 0.046742]), array([0.064412, 0.481541, 0.243221, 0.229854, 0.341439, 0.812127]), array([0.086114, 0.216397, 0.022929, 0.132947, 0.500534, 0.739359,
       0.150125, 0.728137])]
[array([0.228696, 0.565819]), array([0.693851, 0.962584]), array([0.51448 , 0.546868, 0.340101]), array([0.367519, 0.400462, 0.395157, 0.408596]), array([0.335874, 0.907262, 0.951751, 0.937792]), array([0.42484 , 0.423462, 0.508314, 0.774109, 0.054349]), array([0.054203, 0.467824, 0.220489, 0.215666, 0.316569, 0.779411]), array([0.08477 , 0.218794, 0.051901, 0.179535, 0.502886, 0.740713,
       0.157593, 0.726102])]
[array([0.617191, 0.222274]), array([0.703636, 0.946935]), array([0.418662, 0.591738, 0.333919]), array([0.366878, 0.404857, 0.433485, 0.415743]), array([0.354155, 0.92114 , 0.968749, 0.947704]), array([0.420022, 0.376592, 0.537773, 0.73973 , 0.04871 ]), array([0.031697, 0.474149, 0.142789, 0.21773 , 0.335014, 0.787502]), array([0.155378, 0.200562, 0.075482, 0.215712, 0.672482, 0.740636,
       0.179584, 0.616336])]
[array([0.273645, 0.308963]), array([0.703084, 0.943835]), array([0.557343, 0.602957, 0.175087]), array([0.368531, 0.401253, 0.431517, 0.42254 ]), array([0.384873, 0.966112, 0.986585, 0.95317 ]), array([0.42631 , 0.345626, 0.55677 , 0.734354, 0.049005]), array([0.031697, 0.47301 , 0.164637, 0.21786 , 0.330911, 0.883237]), array([0.162411, 0.233951, 0.06319 , 0.248712, 0.707848, 0.740771,
       0.216942, 0.589651])]
[array([0.724297, 0.70204 ]), array([0.708074, 0.946424]), array([0.658278, 0.616243, 0.072861]), array([0.350866, 0.417803, 0.43922 , 0.444161]), array([0.385402, 0.965623, 0.99957 , 0.959221]), array([0.386326, 0.363766, 0.545708, 0.735494, 0.047722]), array([0.052985, 0.285792, 0.338086, 0.214976, 0.316571, 0.779126]), array([0.008646, 0.016274, 0.188833, 0.352216, 0.79349 , 0.863726,
       0.146039, 0.933019])]
[array([0.710746, 0.699736]), array([0.703636, 0.946935]), array([0.668144, 0.67995 , 0.089905]), array([0.38409 , 0.400987, 0.436714, 0.407276]), array([0.920023, 0.965586, 0.999749, 0.959306]), array([0.463763, 0.406953, 0.414666, 0.726397, 0.113004]), array([0.098649, 0.386696, 0.526631, 0.173887, 0.34166 , 0.776059]), array([0.089109, 0.206213, 0.063267, 0.243431, 0.696063, 0.740892,
       0.194481, 0.662394])]
[array([0.700201, 0.695377]), array([0.6658  , 0.123969]), array([0.642756, 0.608923, 0.070174]), array([0.366878, 0.404857, 0.433485, 0.415743]), array([0.989254, 0.999371, 0.955453, 0.999767]), array([0.346282, 0.20708 , 0.591232, 0.827685, 0.011716]), array([0.016801, 0.304938, 0.816642, 0.130663, 0.330186, 0.759414]), array([0.167842, 0.21488 , 0.083215, 0.221848, 0.686932, 0.740753,
       0.224993, 0.641579])]
[array([0.537663, 0.537663]), array([0.700902, 0.948722]), array([0.535311, 0.606855, 0.488771]), array([0.365315, 0.406648, 0.42522 , 0.41574 ]), array([0.997502, 0.999923, 0.906811, 0.889405]), array([0.437279, 0.380214, 0.541531, 0.736888, 0.021051]), array([0.097614, 0.290804, 0.391792, 0.214006, 0.313924, 0.776936]), array([0.121695, 0.188091, 0.129244, 0.172617, 0.723946, 0.741142,
       0.172353, 0.619335])]
[array([0.585743, 0.60177 ]), array([0.69609 , 0.946316]), array([0.519698, 0.613187, 0.483009]), array([0.360226, 0.406461, 0.420921, 0.408996]), array([0.999645, 0.999695, 0.999678, 0.999506]), array([0.423088, 0.375316, 0.5383  , 0.736429, 0.054239]), array([0.134884, 0.270759, 0.401943, 0.210085, 0.295117, 0.774752]), array([0.110033, 0.182329, 0.128271, 0.147077, 0.800957, 0.738785,
       0.17196 , 0.639266])]